PILLAR
	POS -140.0 0.0 140.0
	POS -123.5 0.0 140.0
	POS -107.0 0.0 140.0
	POS -90.5 0.0 140.0
	POS -140.5 0.0 123.5
	POS -123.5 0.0 123.5
	POS -107.0 0.0 123.5
	POS -90.5 0.0 123.5
	POS -140.5 0.0 107.5
	POS -123.5 0.0 107.5
	POS -107.0 0.0 107.5
	POS -90.5 0.0 107.5
	POS -140.5 0.0 90.5
	POS -123.5 0.0 90.5
	POS -140.5 0.0 74.0
	POS -123.5 0.0 74.0
	POS -140.5 0.0 57.5
	POS -123.5 0.0 57.5
	POS -140.5 0.0 41.0
	POS -123.5 0.0 41.0
	POS -140.5 0.0 24.5
	POS -123.5 0.0 24.5
	POS -140.5 0.0 8.0
	POS -123.5 0.0 8.0
	POS -140.5 0.0 -8.5
	POS -123.5 0.0 -8.5
	POS -140.5 0.0 -25.0
	POS -123.5 0.0 -25.0
	POS -140.5 0.0 -41.5
	POS -123.5 0.0 -41.5
	POS -140.5 0.0 -58.0
	POS -123.5 0.0 -58.0
	
PILLAREND

END